Longitude			long_decimal	Latitude			lat_decimal
15	15	59,4	15,2665	4	15	0,79	4,250219444
15	15	59,4	15,2665	4	15	0,79	4,250219444
15	15	59,4	15,2665	4	15	0,79	4,250219444
15	15	59,4	15,2665	4	15	0,79	4,250219444
15	15	59,4	15,2665	4	15	0,79	4,250219444
15	15	59,4	15,2665	4	15	0,79	4,250219444
15	17	35,9	15,29330556	4	12	46,4	4,212888889
15	17	35,9	15,29330556	4	12	46,4	4,212888889
15	17	35,9	15,29330556	4	12	46,4	4,212888889
15	17	35,9	15,29330556	4	12	46,4	4,212888889
15	17	35,9	15,29330556	4	12	46,4	4,212888889
15	17	35,9	15,29330556	4	12	46,4	4,212888889
15	15	41,04	15,2614	4	15	23,76	4,2566
15	15	41,04	15,2614	4	15	23,76	4,2566
15	15	41,04	15,2614	4	15	23,76	4,2566
15	15	41,04	15,2614	4	15	23,76	4,2566
15	15	41,04	15,2614	4	15	23,76	4,2566
15	15	41,04	15,2614	4	15	23,76	4,2566
15	32	53,3	15,54813889	1	19	59,1	1,333083333
15	32	53,3	15,54813889	1	19	59,1	1,333083333
15	32	53,3	15,54813889	1	19	59,1	1,333083333
15	16	15,5	15,27097222	4	15	37	4,260277778
15	16	15,5	15,27097222	4	15	37	4,260277778
15	16	15,5	15,27097222	4	15	37	4,260277778
15	16	15,5	15,27097222	4	15	37	4,260277778
15	16	15,5	15,27097222	4	15	37	4,260277778
15	16	15,5	15,27097222	4	15	37	4,260277778
11	52	47,89	11,87996944	4	48	50,33	4,813980556
11	52	47,89	11,87996944	4	48	50,33	4,813980556
11	52	47,89	11,87996944	4	48	50,33	4,813980556
11	53	2	11,88388889	4	49	12	4,82
11	53	2	11,88388889	4	49	12	4,82
11	53	2	11,88388889	4	49	12	4,82
11	53	2	11,88388889	4	49	12	4,82
11	53	2	11,88388889	4	49	12	4,82
11	53	2	11,88388889	4	49	12	4,82
15	22	21	15,3725	1	10	38,7	1,177416667
15	22	21	15,3725	1	10	38,7	1,177416667
15	50	0	15,83333333	3	13	59,6	3,233222222
15	50	0	15,83333333	3	13	59,6	3,233222222
15	50	0	15,83333333	3	13	59,6	3,233222222
16	2	36,9	16,04358333	3	10	36,2	3,176722222
16	2	36,9	16,04358333	3	10	36,2	3,176722222
16	2	36,9	16,04358333	3	10	36,2	3,176722222
15	8	16,08	15,1378	1	15	18,11	1,255030556
15	8	16,08	15,1378	1	15	18,11	1,255030556
15	8	16,08	15,1378	1	15	18,11	1,255030556
11	50	48	11,84666667	4	48	26	4,807222222
11	50	48	11,84666667	4	48	26	4,807222222
11	50	48	11,84666667	4	48	26	4,807222222
11	50	48	11,84666667	4	48	26	4,807222222
11	50	48	11,84666667	4	48	26	4,807222222
11	50	48	11,84666667	4	48	26	4,807222222
15	14	58,42	15,24956111	4	17	33	4,2925
15	14	58,42	15,24956111	4	17	33	4,2925
15	14	58,42	15,24956111	4	17	33	4,2925
15	14	58,42	15,24956111	4	17	33	4,2925
15	14	58,42	15,24956111	4	17	33	4,2925
15	14	58,42	15,24956111	4	17	33	4,2925
13	32	39	13,54416667	2	32	21	2,539166667
13	32	39	13,54416667	2	32	21	2,539166667
13	32	39	13,54416667	2	32	21	2,539166667
11	58	58,92	11,98303333	3	34	16,97	3,571380556
11	58	58,92	11,98303333	3	34	16,97	3,571380556
11	58	58,92	11,98303333	3	34	16,97	3,571380556
12	46	18,6	12,77183333	2	20	54,7	2,348527778
12	46	18,6	12,77183333	2	20	54,7	2,348527778
12	46	18,6	12,77183333	2	20	54,7	2,348527778
13	35	7	13,58527778	2	40	27	2,674166667
13	35	7	13,58527778	2	40	27	2,674166667
13	35	7	13,58527778	2	40	27	2,674166667
15	14	56,63	15,24906389	4	15	55,24	4,265344444
15	14	56,63	15,24906389	4	15	55,24	4,265344444
15	14	56,63	15,24906389	4	15	55,24	4,265344444
15	15	28,55	15,25793056	4	15	48,46	4,263461111
15	15	28,55	15,25793056	4	15	48,46	4,263461111
15	15	28,55	15,25793056	4	15	48,46	4,263461111
15	15	28,55	15,25793056	4	15	48,46	4,263461111
15	15	28,55	15,25793056	4	15	48,46	4,263461111
15	15	28,55	15,25793056	4	15	48,46	4,263461111
15	17	40,99	15,29471944	4	16	12,15	4,270041667
15	17	40,99	15,29471944	4	16	12,15	4,270041667
15	17	40,99	15,29471944	4	16	12,15	4,270041667
15	17	40,99	15,29471944	4	16	12,15	4,270041667
15	17	40,99	15,29471944	4	16	12,15	4,270041667
15	17	40,99	15,29471944	4	16	12,15	4,270041667
15	13	42,8	15,22855556	4	17	50,8	4,297444444
15	13	42,8	15,22855556	4	17	50,8	4,297444444
15	13	42,8	15,22855556	4	17	50,8	4,297444444
12	11	59,5	12,19986111	4	31	12,15	4,520041667
12	11	59,5	12,19986111	4	31	12,15	4,520041667
12	11	59,5	12,19986111	4	31	12,15	4,520041667
11	54	31,6	11,90877778	4	47	3,6	4,784333333
11	54	31,6	11,90877778	4	47	3,6	4,784333333
11	54	31,6	11,90877778	4	47	3,6	4,784333333
11	54	31,6	11,90877778	4	47	3,6	4,784333333
11	54	31,6	11,90877778	4	47	3,6	4,784333333
11	54	31,6	11,90877778	4	47	3,6	4,784333333
16	4	28	16,07444444	2	12	8,8	2,202444444
16	4	28	16,07444444	2	12	8,8	2,202444444
16	4	28	16,07444444	2	12	8,8	2,202444444
14	37	50,3	14,63063889	4	47	11,6	4,786555556
14	37	50,3	14,63063889	4	47	11,6	4,786555556
14	37	50,3	14,63063889	4	47	11,6	4,786555556
13	37	10,1	13,61947222	4	26	59,4	4,449833333
13	37	10,1	13,61947222	4	26	59,4	4,449833333
13	37	10,1	13,61947222	4	26	59,4	4,449833333
16	18	45,8	16,31272222	1	1	33,6	1,026
16	18	45,8	16,31272222	1	1	33,6	1,026
16	18	45,8	16,31272222	1	1	33,6	1,026
17	36	47,52	17,6132	1	25	15,82	1,421061111
17	36	47,52	17,6132	1	25	15,82	1,421061111
17	36	47,52	17,6132	1	25	15,82	1,421061111
13	45	34,6	13,75961111	4	13	19,3	4,222027778
13	45	34,6	13,75961111	4	13	19,3	4,222027778
13	45	34,6	13,75961111	4	13	19,3	4,222027778
15	16	29,98	15,27499444	4	14	31,01	4,241947222
15	16	29,98	15,27499444	4	14	31,01	4,241947222
15	16	29,98	15,27499444	4	14	31,01	4,241947222
15	16	49,3	15,28036111	1	3	44,8	1,062444444
15	16	49,3	15,28036111	1	3	44,8	1,062444444
15	16	49,3	15,28036111	1	3	44,8	1,062444444
11	52	6,3	11,86841667	4	48	49,9	4,813861111
11	52	6,3	11,86841667	4	48	49,9	4,813861111
11	52	6,3	11,86841667	4	48	49,9	4,813861111
11	52	6,3	11,86841667	4	48	49,9	4,813861111
11	52	6,3	11,86841667	4	48	49,9	4,813861111
11	52	6,3	11,86841667	4	48	49,9	4,813861111
13	56	49,2	13,947	2	8	47,29	2,146469444
13	56	49,2	13,947	2	8	47,29	2,146469444
13	56	49,2	13,947	2	8	47,29	2,146469444
15	13	8,18	15,21893889	4	8	20,65	4,139069444
15	13	8,18	15,21893889	4	8	20,65	4,139069444
15	13	8,18	15,21893889	4	8	20,65	4,139069444
15	15	57,88	15,26607778	4	17	23,31	4,289808333
15	15	57,88	15,26607778	4	17	23,31	4,289808333
15	15	57,88	15,26607778	4	17	23,31	4,289808333
15	15	57,88	15,26607778	4	17	23,31	4,289808333
15	15	57,88	15,26607778	4	17	23,31	4,289808333
15	15	57,88	15,26607778	4	17	23,31	4,289808333
15	15	17,5	15,25486111	4	12	1,37	4,200380556
15	15	17,5	15,25486111	4	12	1,37	4,200380556
15	15	17,5	15,25486111	4	12	1,37	4,200380556
15	15	17,5	15,25486111	4	12	1,37	4,200380556
15	15	17,5	15,25486111	4	12	1,37	4,200380556
15	15	17,5	15,25486111	4	12	1,37	4,200380556
11	54	20	11,90555556	4	48	48	4,813333333
11	54	20	11,90555556	4	48	48	4,813333333
11	54	20	11,90555556	4	48	48	4,813333333
11	54	20	11,90555556	4	48	48	4,813333333
11	54	20	11,90555556	4	48	48	4,813333333
11	54	20	11,90555556	4	48	48	4,813333333
15	14	18,02	15,23833889	4	16	50,92	4,280811111
15	14	18,02	15,23833889	4	16	50,92	4,280811111
15	14	18,02	15,23833889	4	16	50,92	4,280811111
15	14	18,02	15,23833889	4	16	50,92	4,280811111
15	14	18,02	15,23833889	4	16	50,92	4,280811111
15	14	18,02	15,23833889	4	16	50,92	4,280811111
15	14	27,8	15,24105556	4	17	59,39	4,299830556
15	14	27,8	15,24105556	4	17	59,39	4,299830556
15	14	27,8	15,24105556	4	17	59,39	4,299830556
15	14	27,8	15,24105556	4	17	59,39	4,299830556
15	14	27,8	15,24105556	4	17	59,39	4,299830556
15	14	27,8	15,24105556	4	17	59,39	4,299830556
15	16	6,42	15,26845	4	15	53,68	4,264911111
15	16	6,42	15,26845	4	15	53,68	4,264911111
15	16	6,42	15,26845	4	15	53,68	4,264911111
15	16	6,42	15,26845	4	15	53,68	4,264911111
15	16	6,42	15,26845	4	15	53,68	4,264911111
15	16	6,42	15,26845	4	15	53,68	4,264911111
15	14	18,1	15,23836111	4	13	27,6	4,224333333
15	14	18,1	15,23836111	4	13	27,6	4,224333333
15	14	18,1	15,23836111	4	13	27,6	4,224333333
15	17	4,39	15,28455278	4	16	27,6	4,274333333
15	17	4,39	15,28455278	4	16	27,6	4,274333333
15	17	4,39	15,28455278	4	16	27,6	4,274333333
15	17	4,39	15,28455278	4	16	27,6	4,274333333
15	17	4,39	15,28455278	4	16	27,6	4,274333333
15	17	4,39	15,28455278	4	16	27,6	4,274333333
12	39	41,4	12,6615	4	19	42,1	4,328361111
15	16	39,08	15,27752222	4	16	41,86	4,278294444
15	16	39,08	15,27752222	4	16	41,86	4,278294444
15	16	39,08	15,27752222	4	16	41,86	4,278294444
11	55	30	11,925	4	52	31	4,875277778
11	55	30	11,925	4	52	31	4,875277778
11	55	30	11,925	4	52	31	4,875277778
11	55	30	11,925	4	52	31	4,875277778
11	55	30	11,925	4	52	31	4,875277778
11	55	30	11,925	4	52	31	4,875277778
15	14	39,01	15,24416944	4	16	23,05	4,273069444
15	14	39,01	15,24416944	4	16	23,05	4,273069444
15	14	39,01	15,24416944	4	16	23,05	4,273069444
15	14	39,01	15,24416944	4	16	23,05	4,273069444
15	14	39,01	15,24416944	4	16	23,05	4,273069444
15	14	39,01	15,24416944	4	16	23,05	4,273069444
15	14	19,43	15,23873056	4	16	22,69	4,272969444
15	14	19,43	15,23873056	4	16	22,69	4,272969444
15	14	19,43	15,23873056	4	16	22,69	4,272969444
15	14	19,43	15,23873056	4	16	22,69	4,272969444
15	14	19,43	15,23873056	4	16	22,69	4,272969444
15	14	19,43	15,23873056	4	16	22,69	4,272969444
11	50	30,7	11,84186111	4	37	59,8	4,633277778
11	50	30,7	11,84186111	4	37	59,8	4,633277778
11	50	30,7	11,84186111	4	37	59,8	4,633277778
12	1	25	12,02361111	2	42	36,2	2,710055556
12	1	25	12,02361111	2	42	36,2	2,710055556
12	1	25	12,02361111	2	42	36,2	2,710055556
14	45	18,5	14,75513889	2	32	28,3	2,541194444
14	45	18,5	14,75513889	2	32	28,3	2,541194444
14	45	18,5	14,75513889	2	32	28,3	2,541194444
11	56	31,42	11,94206111	4	54	31,64	4,908788889
11	56	31,42	11,94206111	4	54	31,64	4,908788889
11	56	31,42	11,94206111	4	54	31,64	4,908788889
15	20	26,92	15,34081111	4	9	10,01	4,152780556
15	20	26,92	15,34081111	4	9	10,01	4,152780556
15	20	26,92	15,34081111	4	9	10,01	4,152780556
15	13	21,6	15,22266667	4	18	33,3	4,30925
15	13	21,6	15,22266667	4	18	33,3	4,30925
15	13	21,6	15,22266667	4	18	33,3	4,30925
15	13	21,6	15,22266667	4	18	33,3	4,30925
15	13	21,6	15,22266667	4	18	33,3	4,30925
15	13	21,6	15,22266667	4	18	33,3	4,30925
12	41	49,53	12,69709167	4	11	10,02	4,186116667
12	41	49,53	12,69709167	4	11	10,02	4,186116667
12	41	49,53	12,69709167	4	11	10,02	4,186116667
12	41	49,53	12,69709167	4	11	10,02	4,186116667
12	41	49,53	12,69709167	4	11	10,02	4,186116667
12	40	15,76	12,67104444	4	12	3,59	4,200997222
12	40	15,76	12,67104444	4	12	3,59	4,200997222
12	40	15,76	12,67104444	4	12	3,59	4,200997222
12	40	15,76	12,67104444	4	12	3,59	4,200997222
12	40	15,76	12,67104444	4	12	3,59	4,200997222
12	40	15,76	12,67104444	4	12	3,59	4,200997222
12	41	30,48	12,6918	4	12	56,99	4,215830556
12	41	30,48	12,6918	4	12	56,99	4,215830556
12	41	30,48	12,6918	4	12	56,99	4,215830556
12	41	30,48	12,6918	4	12	56,99	4,215830556
12	41	30,48	12,6918	4	12	56,99	4,215830556
12	41	30,48	12,6918	4	12	56,99	4,215830556
12	39	37,08	12,6603	4	10	19,81	4,172169444
12	39	37,08	12,6603	4	10	19,81	4,172169444
12	39	37,08	12,6603	4	10	19,81	4,172169444
12	39	37,08	12,6603	4	10	19,81	4,172169444
12	39	37,08	12,6603	4	10	19,81	4,172169444
12	39	37,08	12,6603	4	10	19,81	4,172169444
18	3	0,72	18,0502	2	2	46,28	2,046188889
18	3	0,72	18,0502	2	2	46,28	2,046188889
18	3	0,72	18,0502	2	2	46,28	2,046188889
15	16	46,9	15,27969444	1	35	18,2	1,588388889
15	16	46,9	15,27969444	1	35	18,2	1,588388889
15	47	39,2	15,79422222	1	12	25,1	1,206972222
15	47	39,2	15,79422222	1	12	25,1	1,206972222
15	47	39,2	15,79422222	1	12	25,1	1,206972222
12	13	28,3	12,22452778	4	25	5,8	4,418277778
12	13	28,3	12,22452778	4	25	5,8	4,418277778
12	13	28,3	12,22452778	4	25	5,8	4,418277778
12	47	4,4	12,78455556	2	10	27,3	2,17425
12	47	4,4	12,78455556	2	10	27,3	2,17425
12	47	4,4	12,78455556	2	10	27,3	2,17425
11	40	23,7	11,67325	4	13	29,7	4,224916667
11	40	23,7	11,67325	4	13	29,7	4,224916667
11	40	23,7	11,67325	4	13	29,7	4,224916667
15	17	37,78	15,29382778	4	14	12,55	4,236819444
15	17	37,78	15,29382778	4	14	12,55	4,236819444
15	17	37,78	15,29382778	4	14	12,55	4,236819444
15	17	19,54	15,28876111	4	16	16,1	4,271138889
15	17	19,54	15,28876111	4	16	16,1	4,271138889
15	17	19,54	15,28876111	4	16	16,1	4,271138889
15	17	19,54	15,28876111	4	16	16,1	4,271138889
15	17	19,54	15,28876111	4	16	16,1	4,271138889
15	17	19,54	15,28876111	4	16	16,1	4,271138889
15	57	8,6	15,95238889	1	6	39,4	1,110944444
15	57	8,6	15,95238889	1	6	39,4	1,110944444
15	57	8,6	15,95238889	1	6	39,4	1,110944444
11	51	16,9	11,85469444	4	46	50,2	4,780611111
11	51	16,9	11,85469444	4	46	50,2	4,780611111
11	51	16,9	11,85469444	4	46	50,2	4,780611111
11	51	16,9	11,85469444	4	46	50,2	4,780611111
11	51	16,9	11,85469444	4	46	50,2	4,780611111
11	51	16,9	11,85469444	4	46	50,2	4,780611111
15	55	0,12	15,9167	2	30	0	2,5
15	55	0,12	15,9167	2	30	0	2,5
17	27	32,04	17,4589	1	21	51,01	1,364169444
17	27	32,04	17,4589	1	21	51,01	1,364169444
17	27	32,04	17,4589	1	21	51,01	1,364169444
14	52	27,4	14,87427778	0	0	30,9	0,008583333
14	52	27,4	14,87427778	0	0	30,9	0,008583333
14	52	27,4	14,87427778	0	0	30,9	0,008583333
15	33	12,24	15,5534	2	51	15,8	2,854388889
15	33	12,24	15,5534	2	51	15,8	2,854388889
14	52	13,08	14,8703	0	53	53,4	0,898166667
14	52	13,08	14,8703	0	53	53,4	0,898166667
14	52	13,08	14,8703	0	53	53,4	0,898166667
14	49	28,67	14,82463056	0	53	20,47	0,889019444
14	49	28,67	14,82463056	0	53	20,47	0,889019444
14	49	28,67	14,82463056	0	53	20,47	0,889019444
14	49	28,67	14,82463056	0	53	20,47	0,889019444
14	49	28,67	14,82463056	0	53	20,47	0,889019444
14	49	28,67	14,82463056	0	53	20,47	0,889019444
15	16	11,39	15,26983056	4	16	49,26	4,28035
15	16	11,39	15,26983056	4	16	49,26	4,28035
15	16	11,39	15,26983056	4	16	49,26	4,28035
11	52	9,26	11,86923889	4	45	24,41	4,756780556
11	52	9,26	11,86923889	4	45	24,41	4,756780556
11	52	9,26	11,86923889	4	45	24,41	4,756780556
15	16	25,58	15,27377222	4	13	10,54	4,219594444
15	16	25,58	15,27377222	4	13	10,54	4,219594444
15	16	25,58	15,27377222	4	13	10,54	4,219594444
15	16	25,58	15,27377222	4	13	10,54	4,219594444
15	16	25,58	15,27377222	4	13	10,54	4,219594444
15	16	25,58	15,27377222	4	13	10,54	4,219594444
11	53	59,46	11,89985	4	47	53,81	4,798280556
11	53	59,46	11,89985	4	47	53,81	4,798280556
11	53	59,46	11,89985	4	47	53,81	4,798280556
12	40	25,32	12,6737	3	26	27,49	3,440969444
12	40	25,32	12,6737	3	26	27,49	3,440969444
12	40	25,32	12,6737	3	26	27,49	3,440969444
11	52	22,14	11,87281667	4	46	56,49	4,782358333
11	52	22,14	11,87281667	4	46	56,49	4,782358333
11	52	22,14	11,87281667	4	46	56,49	4,782358333
11	52	47,21	11,87978056	4	46	43,82	4,778838889
11	52	47,21	11,87978056	4	46	43,82	4,778838889
11	52	47,21	11,87978056	4	46	43,82	4,778838889
11	58	42	11,97833333	4	57	35	4,959722222
11	58	42	11,97833333	4	57	35	4,959722222
11	58	42	11,97833333	4	57	35	4,959722222
15	52	23,5	15,87319444	1	52	22,5	1,872916667
15	52	23,5	15,87319444	1	52	22,5	1,872916667
15	52	23,5	15,87319444	1	52	22,5	1,872916667
12	39	25,6	12,65711111	3	4	41,2	3,078111111
12	39	25,6	12,65711111	3	4	41,2	3,078111111
12	39	25,6	12,65711111	3	4	41,2	3,078111111
11	52	57,1	11,88252778	4	49	58,1	4,832805556
11	52	57,1	11,88252778	4	49	58,1	4,832805556
11	52	57,1	11,88252778	4	49	58,1	4,832805556
11	52	57,1	11,88252778	4	49	58,1	4,832805556
11	52	57,1	11,88252778	4	49	58,1	4,832805556
11	52	57,1	11,88252778	4	49	58,1	4,832805556
15	6	31,2	15,10866667	4	15	1,7	4,250472222
15	6	31,2	15,10866667	4	15	1,7	4,250472222
15	6	31,2	15,10866667	4	15	1,7	4,250472222
12	2	35,8	12,04327778	4	36	28,4	4,607888889
12	2	35,8	12,04327778	4	36	28,4	4,607888889
12	2	35,8	12,04327778	4	36	28,4	4,607888889
15	17	7,44	15,2854	4	16	30,61	4,275169444
15	17	7,44	15,2854	4	16	30,61	4,275169444
11	50	23,28	11,8398	4	47	59,82	4,79995
11	50	23,28	11,8398	4	47	59,82	4,79995
11	50	23,28	11,8398	4	47	59,82	4,79995
11	50	23,28	11,8398	4	47	59,82	4,79995
11	50	23,28	11,8398	4	47	59,82	4,79995
11	50	23,28	11,8398	4	47	59,82	4,79995
15	54	24,1	15,90669444	0	41	8,5	0,685694444
15	54	24,1	15,90669444	0	41	8,5	0,685694444
15	54	24,1	15,90669444	0	41	8,5	0,685694444
15	20	49,5	15,34708333	0	35	12,5	0,586805556
15	20	49,5	15,34708333	0	35	12,5	0,586805556
15	20	49,5	15,34708333	0	35	12,5	0,586805556
15	40	0,48	15,6668	3	27	56,48	3,465688889
15	40	0,48	15,6668	3	27	56,48	3,465688889
15	40	0,48	15,6668	3	27	56,48	3,465688889
16	2	39,84	16,0444	2	58	57,9	2,98275
16	2	39,84	16,0444	2	58	57,9	2,98275
18	3	49	18,06361111	1	37	0	1,616666667
18	3	49	18,06361111	1	37	0	1,616666667
18	3	49	18,06361111	1	37	0	1,616666667
18	3	36	18,06	1	34	31,8	1,5755
18	3	36	18,06	1	34	31,8	1,5755
18	3	36	18,06	1	34	31,8	1,5755
16	8	34,8	16,143	1	53	8,02	1,885561111
16	8	34,8	16,143	1	53	8,02	1,885561111
16	8	34,8	16,143	1	53	8,02	1,885561111
17	11	0,24	17,1834	2	37	58,3	2,632861111
17	11	0,24	17,1834	2	37	58,3	2,632861111
15	16	3,9	15,26775	4	11	38,22	4,19395
15	16	3,9	15,26775	4	11	38,22	4,19395
15	16	3,9	15,26775	4	11	38,22	4,19395
15	16	41,3	15,27813889	4	14	59,39	4,249830556
15	16	41,3	15,27813889	4	14	59,39	4,249830556
15	16	41,3	15,27813889	4	14	59,39	4,249830556
15	16	41,3	15,27813889	4	14	59,39	4,249830556
15	16	41,3	15,27813889	4	14	59,39	4,249830556
15	16	41,3	15,27813889	4	14	59,39	4,249830556
16	5	8,52	16,0857	2	3	4,61	2,051280556
16	5	8,52	16,0857	2	3	4,61	2,051280556
16	5	8,52	16,0857	2	3	4,61	2,051280556
12	3	49,32	12,0637	4	7	52,28	4,131188889
12	3	49,32	12,0637	4	7	52,28	4,131188889
12	3	49,32	12,0637	4	7	52,28	4,131188889
14	25	15,96	14,4211	2	27	1,12	2,450311111
14	25	15,96	14,4211	2	27	1,12	2,450311111
14	25	15,96	14,4211	2	27	1,12	2,450311111
14	30	32,3	14,50897222	0	52	12,8	0,870222222
14	30	32,3	14,50897222	0	52	12,8	0,870222222
14	30	32,3	14,50897222	0	52	12,8	0,870222222
14	33	17,5	14,55486111	0	6	20,7	0,10575
14	33	17,5	14,55486111	0	6	20,7	0,10575
13	52	5,16	13,8681	3	7	50,99	3,130830556
13	52	5,16	13,8681	3	7	50,99	3,130830556
13	52	5,16	13,8681	3	7	50,99	3,130830556
15	35	48,4	15,59677778	3	13	34,6	3,226277778
15	35	48,4	15,59677778	3	13	34,6	3,226277778
15	35	48,4	15,59677778	3	13	34,6	3,226277778
14	4	1,2	14,067	3	49	0,08	3,816688889
14	4	1,2	14,067	3	49	0,08	3,816688889
12	19	16,04	12,32112222	3	28	51,19	3,480886111
12	19	16,04	12,32112222	3	28	51,19	3,480886111
12	19	16,04	12,32112222	3	28	51,19	3,480886111
12	54	57,3	12,91591667	4	28	48,8	4,480222222
12	54	57,3	12,91591667	4	28	48,8	4,480222222
12	54	57,3	12,91591667	4	28	48,8	4,480222222
13	24	42,48	13,4118	4	10	39,68	4,177688889
13	24	42,48	13,4118	4	10	39,68	4,177688889
13	24	42,48	13,4118	4	10	39,68	4,177688889
15	13	37,4	15,22705556	4	17	1,9	4,283861111
15	13	37,4	15,22705556	4	17	1,9	4,283861111
15	13	37,4	15,22705556	4	17	1,9	4,283861111
15	13	37,4	15,22705556	4	17	1,9	4,283861111
15	13	37,4	15,22705556	4	17	1,9	4,283861111
15	13	37,4	15,22705556	4	17	1,9	4,283861111
14	9	17,5	14,15486111	3	42	38,4	3,710666667
14	9	17,5	14,15486111	3	42	38,4	3,710666667
14	9	17,5	14,15486111	3	42	38,4	3,710666667
13	35	34,4	13,59288889	4	15	51,8	4,264388889
13	35	34,4	13,59288889	4	15	51,8	4,264388889
13	35	34,4	13,59288889	4	15	51,8	4,264388889
14	47	43,1	14,79530556	4	20	40,6	4,344611111
14	47	43,1	14,79530556	4	20	40,6	4,344611111
14	47	43,1	14,79530556	4	20	40,6	4,344611111
14	45	20,56	14,75571111	4	21	51,77	4,364380556
14	45	20,56	14,75571111	4	21	51,77	4,364380556
14	45	20,56	14,75571111	4	21	51,77	4,364380556
14	45	20,56	14,75571111	4	21	51,77	4,364380556
14	45	20,56	14,75571111	4	21	51,77	4,364380556
14	45	20,56	14,75571111	4	21	51,77	4,364380556
15	13	1,42	15,21706111	4	17	5,75	4,284930556
15	13	1,42	15,21706111	4	17	5,75	4,284930556
15	13	1,42	15,21706111	4	17	5,75	4,284930556
15	13	1,42	15,21706111	4	17	5,75	4,284930556
15	13	1,42	15,21706111	4	17	5,75	4,284930556
15	13	1,42	15,21706111	4	17	5,75	4,284930556
12	11	39	12,19416667	4	26	24	4,44
11	51	46,1	11,86280556	4	47	44,7	4,79575
11	51	46,1	11,86280556	4	47	44,7	4,79575
11	51	46,1	11,86280556	4	47	44,7	4,79575
11	51	46,1	11,86280556	4	47	44,7	4,79575
11	51	46,1	11,86280556	4	47	44,7	4,79575
11	51	46,1	11,86280556	4	47	44,7	4,79575
11	52	20	11,87222222	4	48	23	4,806388889
11	52	20	11,87222222	4	48	23	4,806388889
11	52	20	11,87222222	4	48	23	4,806388889
11	52	20	11,87222222	4	48	23	4,806388889
11	52	20	11,87222222	4	48	23	4,806388889
11	52	20	11,87222222	4	48	23	4,806388889
12	3	53,8	12,06494444	3	50	2,5	3,834027778
12	3	53,8	12,06494444	3	50	2,5	3,834027778
12	3	53,8	12,06494444	3	50	2,5	3,834027778
13	17	21,7	13,28936111	3	14	58,2	3,2495
13	17	21,7	13,28936111	3	14	58,2	3,2495
13	17	21,7	13,28936111	3	14	58,2	3,2495
12	7	10,42	12,11956111	4	50	29,54	4,841538889
12	7	10,42	12,11956111	4	50	29,54	4,841538889
12	7	10,42	12,11956111	4	50	29,54	4,841538889
15	14	39,08	15,24418889	4	14	40,77	4,244658333
15	14	39,08	15,24418889	4	14	40,77	4,244658333
15	14	39,08	15,24418889	4	14	40,77	4,244658333
15	14	39,08	15,24418889	4	14	40,77	4,244658333
15	14	39,08	15,24418889	4	14	40,77	4,244658333
15	14	39,08	15,24418889	4	14	40,77	4,244658333
15	9	23,36	15,15648889	4	19	30	4,325
15	9	23,36	15,15648889	4	19	30	4,325
15	9	23,36	15,15648889	4	19	30	4,325
15	9	23,36	15,15648889	4	19	30	4,325
15	9	23,36	15,15648889	4	19	30	4,325
15	9	23,36	15,15648889	4	19	30	4,325
14	34	46	14,57944444	2	19	33,6	2,326
14	34	46	14,57944444	2	19	33,6	2,326
14	34	46	14,57944444	2	19	33,6	2,326
14	57	7,88	14,95218889	1	35	7,4	1,585388889
14	57	7,88	14,95218889	1	35	7,4	1,585388889
14	57	7,88	14,95218889	1	35	7,4	1,585388889
12	21	16	12,35444444	4	21	52,98	4,364716667
12	21	16	12,35444444	4	21	52,98	4,364716667
12	21	16	12,35444444	4	21	52,98	4,364716667
11	58	48	11,98	4	39	1	4,650277778
11	58	48	11,98	4	39	1	4,650277778
11	58	48	11,98	4	39	1	4,650277778
15	22	9,8	15,36938889	4	5	11,6	4,086555556
15	22	9,8	15,36938889	4	5	11,6	4,086555556
15	22	9,8	15,36938889	4	5	11,6	4,086555556
15	7	39,5	15,12763889	4	24	10,3	4,402861111
15	7	39,5	15,12763889	4	24	10,3	4,402861111
15	7	39,5	15,12763889	4	24	10,3	4,402861111
15	41	41,28	15,6948	1	2	28,72	1,041311111
15	41	41,28	15,6948	1	2	28,72	1,041311111
17	36	38,62	17,61072778	0	39	19,92	0,655533333
17	36	38,62	17,61072778	0	39	19,92	0,655533333
17	36	38,62	17,61072778	0	39	19,92	0,655533333
11	52	27,3	11,87425	4	46	0,3	4,76675
11	52	27,3	11,87425	4	46	0,3	4,76675
11	52	27,3	11,87425	4	46	0,3	4,76675
11	52	27,3	11,87425	4	46	0,3	4,76675
11	52	27,3	11,87425	4	46	0,3	4,76675
11	52	27,3	11,87425	4	46	0,3	4,76675
11	50	3,7	11,83436111	4	40	36	4,676666667
11	50	3,7	11,83436111	4	40	36	4,676666667
11	50	3,7	11,83436111	4	40	36	4,676666667
16	47	58,56	16,7996	3	17	8,99	3,285830556
16	47	58,56	16,7996	3	17	8,99	3,285830556
13	23	49,87	13,39718611	4	49	17,91	4,821641667
13	23	49,87	13,39718611	4	49	17,91	4,821641667
13	23	49,87	13,39718611	4	49	17,91	4,821641667
16	59	27,96	16,9911	3	4	17,51	3,071530556
16	59	27,96	16,9911	3	4	17,51	3,071530556
16	59	27,96	16,9911	3	4	17,51	3,071530556
13	3	53,2	13,06477778	4	6	32,1	4,108916667
13	3	53,2	13,06477778	4	6	32,1	4,108916667
13	3	53,2	13,06477778	4	6	32,1	4,108916667
14	41	27,1	14,69086111	4	33	50,1	4,563916667
14	41	27,1	14,69086111	4	33	50,1	4,563916667
14	41	27,1	14,69086111	4	33	50,1	4,563916667
17	6	50,5	17,11402778	1	2	16	1,037777778
17	6	50,5	17,11402778	1	2	16	1,037777778
17	6	50,5	17,11402778	1	2	16	1,037777778
17	2	37,32	17,0437	2	27	13,72	2,453811111
17	2	37,32	17,0437	2	27	13,72	2,453811111
17	2	37,32	17,0437	2	27	13,72	2,453811111
17	1	40,7	17,02797222	2	24	54	2,415
17	1	40,7	17,02797222	2	24	54	2,415
11	55	37	11,92694444	4	47	26	4,790555556
11	55	37	11,92694444	4	47	26	4,790555556
11	55	37	11,92694444	4	47	26	4,790555556
11	55	37	11,92694444	4	47	26	4,790555556
11	55	37	11,92694444	4	47	26	4,790555556
11	55	37	11,92694444	4	47	26	4,790555556
13	51	50,7	13,86408333	4	17	41,3	4,294805556
13	51	50,7	13,86408333	4	17	41,3	4,294805556
13	51	50,7	13,86408333	4	17	41,3	4,294805556
12	36	8,6	12,60238889	3	57	39,9	3,961083333
12	36	8,6	12,60238889	3	57	39,9	3,961083333
12	36	8,6	12,60238889	3	57	39,9	3,961083333
12	8	27,6	12,141	4	22	7,7	4,368805556
12	8	27,6	12,141	4	22	7,7	4,368805556
12	8	27,6	12,141	4	22	7,7	4,368805556
15	15	51,01	15,26416944	4	12	24,8	4,206888889
15	15	51,01	15,26416944	4	12	24,8	4,206888889
15	15	51,01	15,26416944	4	12	24,8	4,206888889
15	15	51,01	15,26416944	4	12	24,8	4,206888889
15	15	51,01	15,26416944	4	12	24,8	4,206888889
15	15	51,01	15,26416944	4	12	24,8	4,206888889
13	34	10,3	13,56952778	3	58	6,7	3,968527778
13	34	10,3	13,56952778	3	58	6,7	3,968527778
13	34	10,3	13,56952778	3	58	6,7	3,968527778
15	11	9,38	15,18593889	4	18	37,33	4,310369444
15	11	9,38	15,18593889	4	18	37,33	4,310369444
15	11	9,38	15,18593889	4	18	37,33	4,310369444
15	10	42,42	15,17845	4	19	21,68	4,322688889
15	10	42,42	15,17845	4	19	21,68	4,322688889
15	10	42,42	15,17845	4	19	21,68	4,322688889
11	42	7,02	11,70195	4	26	0,36	4,433433333
11	42	7,02	11,70195	4	26	0,36	4,433433333
13	32	40	13,54444444	4	9	49	4,163611111
13	32	40	13,54444444	4	9	49	4,163611111
13	32	40	13,54444444	4	9	49	4,163611111
14	47	50,64	14,7974	4	11	5,71	4,184919444
14	47	50,64	14,7974	4	11	5,71	4,184919444
14	47	50,64	14,7974	4	11	5,71	4,184919444
12	37	11,9	12,61997222	3	29	6,1	3,485027778
12	37	11,9	12,61997222	3	29	6,1	3,485027778
12	37	11,9	12,61997222	3	29	6,1	3,485027778
15	17	19,1	15,28863889	4	8	34,84	4,143011111
15	17	19,1	15,28863889	4	8	34,84	4,143011111
15	17	19,1	15,28863889	4	8	34,84	4,143011111
15	5	44,27	15,09563056	4	20	10,18	4,336161111
15	5	44,27	15,09563056	4	20	10,18	4,336161111
15	5	44,27	15,09563056	4	20	10,18	4,336161111
11	53	36,2	11,89338889	4	46	0,2	4,766722222
11	53	36,2	11,89338889	4	46	0,2	4,766722222
11	53	36,2	11,89338889	4	46	0,2	4,766722222
11	53	36,2	11,89338889	4	46	0,2	4,766722222
11	53	36,2	11,89338889	4	46	0,2	4,766722222
11	53	36,2	11,89338889	4	46	0,2	4,766722222
11	53	13	11,88694444	4	45	16	4,754444444
11	53	13	11,88694444	4	45	16	4,754444444
11	53	13	11,88694444	4	45	16	4,754444444
11	53	13	11,88694444	4	45	16	4,754444444
11	53	13	11,88694444	4	45	16	4,754444444
11	53	13	11,88694444	4	45	16	4,754444444
15	30	21,9	15,50608333	0	49	44,3	0,828972222
15	30	21,9	15,50608333	0	49	44,3	0,828972222
12	3	8,2	12,05227778	4	34	49,25	4,580347222
12	3	8,2	12,05227778	4	34	49,25	4,580347222
12	3	8,2	12,05227778	4	34	49,25	4,580347222
16	18	26,49	16,30735833	2	0	1,37	2,000380556
16	18	26,49	16,30735833	2	0	1,37	2,000380556
16	18	26,49	16,30735833	2	0	1,37	2,000380556
15	37	24	15,62333333	0	0	18	0,005
15	37	24	15,62333333	0	0	18	0,005
15	37	24	15,62333333	0	0	18	0,005
12	8	35,8	12,14327778	4	25	26,1	4,423916667
12	8	35,8	12,14327778	4	25	26,1	4,423916667
12	8	35,8	12,14327778	4	25	26,1	4,423916667
12	35	7,9	12,58552778	3	49	42,9	3,828583333
12	35	7,9	12,58552778	3	49	42,9	3,828583333
12	35	7,9	12,58552778	3	49	42,9	3,828583333
15	35	31,7	15,59213889	4	0	17,4	4,004833333
15	35	31,7	15,59213889	4	0	17,4	4,004833333
15	35	31,7	15,59213889	4	0	17,4	4,004833333
15	16	50,6	15,28072222	4	16	15,9	4,271083333
15	16	50,6	15,28072222	4	16	15,9	4,271083333
15	16	50,6	15,28072222	4	16	15,9	4,271083333
15	16	50,6	15,28072222	4	16	15,9	4,271083333
15	16	50,6	15,28072222	4	16	15,9	4,271083333
15	16	50,6	15,28072222	4	16	15,9	4,271083333
12	48	39,9	12,81108333	4	20	42,8	4,345222222
12	48	39,9	12,81108333	4	20	42,8	4,345222222
12	48	39,9	12,81108333	4	20	42,8	4,345222222
13	20	56,4	13,349	3	31	47,1	3,52975
13	20	56,4	13,349	3	31	47,1	3,52975
13	20	56,4	13,349	3	31	47,1	3,52975
15	17	13,9	15,28719444	4	14	9,3	4,235916667
15	17	13,9	15,28719444	4	14	9,3	4,235916667
15	17	13,9	15,28719444	4	14	9,3	4,235916667
15	17	13,9	15,28719444	4	14	9,3	4,235916667
15	17	13,9	15,28719444	4	14	9,3	4,235916667
15	17	13,9	15,28719444	4	14	9,3	4,235916667
15	15	16,5	15,25458333	4	10	31,1	4,175305556
15	15	16,5	15,25458333	4	10	31,1	4,175305556
15	15	16,5	15,25458333	4	10	31,1	4,175305556
15	15	16,5	15,25458333	4	10	31,1	4,175305556
15	15	16,5	15,25458333	4	10	31,1	4,175305556
15	15	16,5	15,25458333	4	10	31,1	4,175305556
15	16	40,4	15,27788889	4	15	27,5	4,257638889
15	16	40,4	15,27788889	4	15	27,5	4,257638889
15	16	40,4	15,27788889	4	15	27,5	4,257638889
15	16	40,4	15,27788889	4	15	27,5	4,257638889
15	16	40,4	15,27788889	4	15	27,5	4,257638889
15	16	40,4	15,27788889	4	15	27,5	4,257638889
15	17	23,93	15,28998056	4	13	36,55	4,226819444
15	17	23,93	15,28998056	4	13	36,55	4,226819444
15	17	23,93	15,28998056	4	13	36,55	4,226819444
15	17	23,93	15,28998056	4	13	36,55	4,226819444
15	17	23,93	15,28998056	4	13	36,55	4,226819444
15	17	23,93	15,28998056	4	13	36,55	4,226819444
15	27	39,8	15,46105556	3	47	4,9	3,784694444
15	27	39,8	15,46105556	3	47	4,9	3,784694444
15	27	39,8	15,46105556	3	47	4,9	3,784694444
15	14	33,12	15,24253333	4	15	57,83	4,266063889
15	14	33,12	15,24253333	4	15	57,83	4,266063889
15	14	33,12	15,24253333	4	15	57,83	4,266063889
15	14	33,12	15,24253333	4	15	57,83	4,266063889
15	14	33,12	15,24253333	4	15	57,83	4,266063889
15	14	33,12	15,24253333	4	15	57,83	4,266063889
15	16	6,96	15,2686	4	10	5,16	4,1681
15	16	6,96	15,2686	4	10	5,16	4,1681
15	16	6,96	15,2686	4	10	5,16	4,1681
15	16	6,96	15,2686	4	10	5,16	4,1681
15	16	6,96	15,2686	4	10	5,16	4,1681
15	16	6,96	15,2686	4	10	5,16	4,1681
15	13	21,22	15,22256111	4	16	12,36	4,2701
15	13	21,22	15,22256111	4	16	12,36	4,2701
15	13	21,22	15,22256111	4	16	12,36	4,2701
15	13	21,22	15,22256111	4	16	12,36	4,2701
15	13	21,22	15,22256111	4	16	12,36	4,2701
15	13	21,22	15,22256111	4	16	12,36	4,2701
12	43	25,32	12,7237	2	30	13,5	2,50375
12	43	25,32	12,7237	2	30	13,5	2,50375
12	43	25,32	12,7237	2	30	13,5	2,50375
14	42	38,5	14,71069444	4	15	34	4,259444444
14	42	38,5	14,71069444	4	15	34	4,259444444
14	42	38,5	14,71069444	4	15	34	4,259444444
15	14	8,43	15,235675	4	18	19,25	4,305347222
15	14	8,43	15,235675	4	18	19,25	4,305347222
15	14	8,43	15,235675	4	18	19,25	4,305347222
15	43	53,1	15,73141667	3	57	7,9	3,952194444
15	43	53,1	15,73141667	3	57	7,9	3,952194444
15	43	53,1	15,73141667	3	57	7,9	3,952194444
11	52	45	11,87916667	4	47	17	4,788055556
11	52	45	11,87916667	4	47	17	4,788055556
11	52	45	11,87916667	4	47	17	4,788055556
11	52	45	11,87916667	4	47	17	4,788055556
11	52	45	11,87916667	4	47	17	4,788055556
11	52	45	11,87916667	4	47	17	4,788055556
14	52	45,84	14,8794	3	49	57,79	3,832719444
14	52	45,84	14,8794	3	49	57,79	3,832719444
14	52	45,84	14,8794	3	49	57,79	3,832719444
15	11	56,65	15,19906944	4	17	31,42	4,292061111
15	11	56,65	15,19906944	4	17	31,42	4,292061111
15	11	56,65	15,19906944	4	17	31,42	4,292061111
13	38	27,24	13,6409	3	40	55,42	3,682061111
13	38	27,24	13,6409	3	40	55,42	3,682061111
13	38	27,24	13,6409	3	40	55,42	3,682061111
15	11	30,59	15,19183056	4	16	41,64	4,278233333
15	11	30,59	15,19183056	4	16	41,64	4,278233333
15	11	30,59	15,19183056	4	16	41,64	4,278233333
12	48	31,9	12,80886111	2	17	6,6	2,285166667
12	48	31,9	12,80886111	2	17	6,6	2,285166667
12	48	31,9	12,80886111	2	17	6,6	2,285166667
15	15	33,62	15,25933889	4	13	46,67	4,229630556
15	15	33,62	15,25933889	4	13	46,67	4,229630556
15	15	33,62	15,25933889	4	13	46,67	4,229630556
15	15	33,62	15,25933889	4	13	46,67	4,229630556
15	15	33,62	15,25933889	4	13	46,67	4,229630556
15	15	33,62	15,25933889	4	13	46,67	4,229630556
15	0	41,9	15,01163889	4	30	44,1	4,51225
15	0	41,9	15,01163889	4	30	44,1	4,51225
15	0	41,9	15,01163889	4	30	44,1	4,51225
13	40	37,2	13,677	4	11	21,01	4,189169444
13	40	37,2	13,677	4	11	21,01	4,189169444
13	40	37,2	13,677	4	11	21,01	4,189169444
12	52	21,1	12,87252778	2	6	10,8	2,103
12	52	21,1	12,87252778	2	6	10,8	2,103
12	52	21,1	12,87252778	2	6	10,8	2,103
11	53	51	11,8975	4	46	36	4,776666667
11	53	51	11,8975	4	46	36	4,776666667
11	53	51	11,8975	4	46	36	4,776666667
11	53	51	11,8975	4	46	36	4,776666667
11	53	51	11,8975	4	46	36	4,776666667
11	53	51	11,8975	4	46	36	4,776666667
11	54	1,08	11,9003	4	47	25,01	4,790280556
11	54	1,08	11,9003	4	47	25,01	4,790280556
11	54	1,08	11,9003	4	47	25,01	4,790280556
11	54	1,08	11,9003	4	47	25,01	4,790280556
11	54	1,08	11,9003	4	47	25,01	4,790280556
11	54	1,08	11,9003	4	47	25,01	4,790280556
17	8	43,8	17,1455	1	41	0,82	1,683561111
17	8	43,8	17,1455	1	41	0,82	1,683561111
17	8	43,8	17,1455	1	41	0,82	1,683561111
15	16	59,2	15,28311111	4	12	57,4	4,215944444
15	16	59,2	15,28311111	4	12	57,4	4,215944444
15	16	59,2	15,28311111	4	12	57,4	4,215944444
15	16	59,2	15,28311111	4	12	57,4	4,215944444
15	16	59,2	15,28311111	4	12	57,4	4,215944444
15	16	59,2	15,28311111	4	12	57,4	4,215944444
15	39	31	15,65861111	3	1	33,1	3,025861111
15	39	31	15,65861111	3	1	33,1	3,025861111
15	39	31	15,65861111	3	1	33,1	3,025861111
14	57	10,8	14,953	4	22	5,81	4,368280556
14	57	10,8	14,953	4	22	5,81	4,368280556
14	57	10,8	14,953	4	22	5,81	4,368280556
12	4	36,7	12,07686111	4	31	53,6	4,531555556
12	4	36,7	12,07686111	4	31	53,6	4,531555556
12	4	36,7	12,07686111	4	31	53,6	4,531555556
11	57	24	11,95666667	4	39	45	4,6625
15	16	37,21	15,27700278	4	16	2,97	4,267491667
15	16	37,21	15,27700278	4	16	2,97	4,267491667
15	16	37,21	15,27700278	4	16	2,97	4,267491667
15	13	52,14	15,23115	4	15	11,05	4,253069444
15	13	52,14	15,23115	4	15	11,05	4,253069444
15	13	52,14	15,23115	4	15	11,05	4,253069444
15	13	52,14	15,23115	4	15	11,05	4,253069444
15	13	52,14	15,23115	4	15	11,05	4,253069444
15	13	52,14	15,23115	4	15	11,05	4,253069444
15	13	48	15,23	4	14	27	4,240833333
15	13	48	15,23	4	14	27	4,240833333
15	13	48	15,23	4	14	27	4,240833333
13	0	0	13	4	0	0	4
13	0	0	13	4	0	0	4
13	0	0	13	4	0	0	4
15	17	12,91	15,28691944	4	15	18,79	4,255219444
15	17	12,91	15,28691944	4	15	18,79	4,255219444
15	17	12,91	15,28691944	4	15	18,79	4,255219444
15	17	12,91	15,28691944	4	15	18,79	4,255219444
15	17	12,91	15,28691944	4	15	18,79	4,255219444
15	17	12,91	15,28691944	4	15	18,79	4,255219444
15	0	32	15,00888889	1	36	20,1	1,605583333
15	0	32	15,00888889	1	36	20,1	1,605583333
15	16	26,62	15,27406111	4	12	56,52	4,2157
15	16	26,62	15,27406111	4	12	56,52	4,2157
15	16	26,62	15,27406111	4	12	56,52	4,2157
15	16	26,62	15,27406111	4	12	56,52	4,2157
15	16	26,62	15,27406111	4	12	56,52	4,2157
15	16	26,62	15,27406111	4	12	56,52	4,2157
13	20	48,9	13,34691667	3	45	23,2	3,756444444
13	20	48,9	13,34691667	3	45	23,2	3,756444444
13	20	48,9	13,34691667	3	45	23,2	3,756444444
14	21	0	14,35	4	16	18,41	4,271780556
14	21	0	14,35	4	16	18,41	4,271780556
14	21	0	14,35	4	16	18,41	4,271780556
15	15	40,18	15,26116111	4	16	45,8	4,279388889
15	15	40,18	15,26116111	4	16	45,8	4,279388889
15	15	40,18	15,26116111	4	16	45,8	4,279388889
15	15	40,18	15,26116111	4	16	45,8	4,279388889
15	15	40,18	15,26116111	4	16	45,8	4,279388889
15	15	40,18	15,26116111	4	16	45,8	4,279388889
14	28	34,46	14,47623889	4	16	51,38	4,280938889
14	28	34,46	14,47623889	4	16	51,38	4,280938889
14	28	34,46	14,47623889	4	16	51,38	4,280938889
15	29	41,8	15,49494444	0	16	25,8	0,273833333
15	29	41,8	15,49494444	0	16	25,8	0,273833333
15	29	41,8	15,49494444	0	16	25,8	0,273833333
15	56	53,5	15,94819444	1	32	19,6	1,538777778
15	56	53,5	15,94819444	1	32	19,6	1,538777778
15	56	53,5	15,94819444	1	32	19,6	1,538777778
11	51	51	11,86416667	4	42	57	4,715833333
11	51	51	11,86416667	4	42	57	4,715833333
11	51	51	11,86416667	4	42	57	4,715833333
11	55	25,68	11,9238	4	46	25,93	4,773869444
11	55	25,68	11,9238	4	46	25,93	4,773869444
11	55	25,68	11,9238	4	46	25,93	4,773869444
11	54	26	11,90722222	4	44	40	4,744444444
11	54	26	11,90722222	4	44	40	4,744444444
11	54	26	11,90722222	4	44	40	4,744444444
11	54	26	11,90722222	4	44	40	4,744444444
11	54	26	11,90722222	4	44	40	4,744444444
11	54	26	11,90722222	4	44	40	4,744444444
11	55	27,84	11,9244	4	43	44	4,728888889
11	55	27,84	11,9244	4	43	44	4,728888889
11	55	27,84	11,9244	4	43	44	4,728888889
15	19	37,31	15,32703056	4	7	56,75	4,132430556
15	19	37,31	15,32703056	4	7	56,75	4,132430556
12	54	48,1	12,91336111	4	7	28,5	4,124583333
16	47	47,9	16,79663889	1	13	28,4	1,224555556
16	47	47,9	16,79663889	1	13	28,4	1,224555556
16	47	47,9	16,79663889	1	13	28,4	1,224555556
12	43	7,7	12,71880556	2	56	44,5	2,945694444
12	43	7,7	12,71880556	2	56	44,5	2,945694444
12	43	7,7	12,71880556	2	56	44,5	2,945694444
17	10	53,76	17,1816	3	22	32,48	3,375688889
17	10	53,76	17,1816	3	22	32,48	3,375688889
17	10	53,76	17,1816	3	22	32,48	3,375688889
13	34	41,67	13,57824167	2	50	18,53	2,838480556
13	34	41,67	13,57824167	2	50	18,53	2,838480556
13	34	41,67	13,57824167	2	50	18,53	2,838480556
15	16	22,26	15,27285	4	13	49,26	4,23035
15	16	22,26	15,27285	4	13	49,26	4,23035
15	16	22,26	15,27285	4	13	49,26	4,23035
15	16	22,26	15,27285	4	13	49,26	4,23035
15	16	22,26	15,27285	4	13	49,26	4,23035
15	16	22,26	15,27285	4	13	49,26	4,23035
15	16	1,8	15,26716667	4	14	7,5	4,235416667
15	16	1,8	15,26716667	4	14	7,5	4,235416667
15	16	1,8	15,26716667	4	14	7,5	4,235416667
15	16	1,8	15,26716667	4	14	7,5	4,235416667
15	16	1,8	15,26716667	4	14	7,5	4,235416667
15	16	1,8	15,26716667	4	14	7,5	4,235416667
13	46	35,41	13,77650278	3	52	45,25	3,879236111
13	46	35,41	13,77650278	3	52	45,25	3,879236111
13	46	35,41	13,77650278	3	52	45,25	3,879236111
15	16	28,78	15,27466111	4	15	2,66	4,250738889
15	16	28,78	15,27466111	4	15	2,66	4,250738889
15	16	28,78	15,27466111	4	15	2,66	4,250738889
15	16	28,78	15,27466111	4	15	2,66	4,250738889
15	16	28,78	15,27466111	4	15	2,66	4,250738889
15	16	28,78	15,27466111	4	15	2,66	4,250738889
15	16	40,4	15,27788889	4	15	15,4	4,254277778
15	16	40,4	15,27788889	4	15	15,4	4,254277778
15	16	40,4	15,27788889	4	15	15,4	4,254277778
15	13	3,25	15,21756944	4	15	48,02	4,263338889
15	13	3,25	15,21756944	4	15	48,02	4,263338889
15	13	3,25	15,21756944	4	15	48,02	4,263338889
13	55	12,9	13,92025	3	59	46,9	3,996361111
13	55	12,9	13,92025	3	59	46,9	3,996361111
13	55	12,9	13,92025	3	59	46,9	3,996361111
11	54	59,8	11,91661111	4	48	37,2	4,810333333
11	54	59,8	11,91661111	4	48	37,2	4,810333333
11	54	59,8	11,91661111	4	48	37,2	4,810333333
11	54	59,8	11,91661111	4	48	37,2	4,810333333
11	54	59,8	11,91661111	4	48	37,2	4,810333333
11	54	59,8	11,91661111	4	48	37,2	4,810333333
14	9	55,08	14,1653	4	22	3	4,3675
14	9	55,08	14,1653	4	22	3	4,3675
14	9	55,08	14,1653	4	22	3	4,3675
15	17	31,48	15,29207778	4	15	27,68	4,257688889
15	17	31,48	15,29207778	4	15	27,68	4,257688889
15	17	31,48	15,29207778	4	15	27,68	4,257688889
15	17	31,48	15,29207778	4	15	27,68	4,257688889
15	17	31,48	15,29207778	4	15	27,68	4,257688889
15	17	31,48	15,29207778	4	15	27,68	4,257688889
15	17	50,32	15,29731111	4	15	50,8	4,264111111
15	17	50,32	15,29731111	4	15	50,8	4,264111111
15	17	50,32	15,29731111	4	15	50,8	4,264111111
15	17	50,32	15,29731111	4	15	50,8	4,264111111
15	17	50,32	15,29731111	4	15	50,8	4,264111111
15	17	45,2	15,29588889	4	15	23,08	4,256411111
15	17	45,2	15,29588889	4	15	23,08	4,256411111
15	17	45,2	15,29588889	4	15	23,08	4,256411111
15	17	45,2	15,29588889	4	15	23,08	4,256411111
15	17	45,2	15,29588889	4	15	23,08	4,256411111
15	17	45,2	15,29588889	4	15	23,08	4,256411111
15	53	59,4	15,89983333	1	40	41,2	1,678111111
15	53	59,4	15,89983333	1	40	41,2	1,678111111
15	53	59,4	15,89983333	1	40	41,2	1,678111111
15	15	18,61	15,25516944	4	18	5,85	4,301625
15	15	18,61	15,25516944	4	18	5,85	4,301625
15	15	18,61	15,25516944	4	18	5,85	4,301625
11	51	7,3	11,85202778	4	48	32,3	4,808972222
11	51	7,3	11,85202778	4	48	32,3	4,808972222
11	51	7,3	11,85202778	4	48	32,3	4,808972222
11	51	25	11,85694444	4	48	46	4,812777778
11	51	25	11,85694444	4	48	46	4,812777778
11	51	25	11,85694444	4	48	46	4,812777778
15	29	34,5	15,49291667	2	23	41,6	2,394888889
15	29	34,5	15,49291667	2	23	41,6	2,394888889
15	29	34,5	15,49291667	2	23	41,6	2,394888889
16	9	49,5	16,16375	2	35	44	2,595555556
16	9	49,5	16,16375	2	35	44	2,595555556
11	52	17,8	11,87161111	4	46	48,61	4,780169444
11	52	17,8	11,87161111	4	46	48,61	4,780169444
11	52	17,8	11,87161111	4	46	48,61	4,780169444
11	52	17,8	11,87161111	4	46	48,61	4,780169444
11	52	17,8	11,87161111	4	46	48,61	4,780169444
11	52	17,8	11,87161111	4	46	48,61	4,780169444
12	29	11,04	12,4864	12	29	11,04	12,4864
12	29	11,04	12,4864	12	29	11,04	12,4864
12	29	11,04	12,4864	12	29	11,04	12,4864
12	31	25,32	12,5237	4	28	53,51	4,481530556
12	31	25,32	12,5237	4	28	53,51	4,481530556
12	31	25,32	12,5237	4	28	53,51	4,481530556
16	36	50,04	16,6139	1	35	28,39	1,591219444
16	36	50,04	16,6139	1	35	28,39	1,591219444
16	36	50,04	16,6139	1	35	28,39	1,591219444
15	17	28,4	15,29122222	4	13	10,4	4,219555556
15	17	28,4	15,29122222	4	13	10,4	4,219555556
15	17	28,4	15,29122222	4	13	10,4	4,219555556
15	17	28,4	15,29122222	4	13	10,4	4,219555556
15	17	28,4	15,29122222	4	13	10,4	4,219555556
15	17	28,4	15,29122222	4	13	10,4	4,219555556
15	17	10,46	15,28623889	4	14	23,35	4,239819444
15	17	10,46	15,28623889	4	14	23,35	4,239819444
15	17	10,46	15,28623889	4	14	23,35	4,239819444
15	17	10,46	15,28623889	4	14	23,35	4,239819444
15	17	10,46	15,28623889	4	14	23,35	4,239819444
15	17	10,46	15,28623889	4	14	23,35	4,239819444
16	8	36,6	16,1435	3	12	25,5	3,207083333
16	8	36,6	16,1435	3	12	25,5	3,207083333
16	8	36,6	16,1435	3	12	25,5	3,207083333
15	17	29,69	15,29158056	4	11	59,46	4,19985
15	17	29,69	15,29158056	4	11	59,46	4,19985
15	17	29,69	15,29158056	4	11	59,46	4,19985
14	53	14,28	14,8873	2	1	39,22	2,027561111
14	53	14,28	14,8873	2	1	39,22	2,027561111
14	53	14,28	14,8873	2	1	39,22	2,027561111
15	43	7,2	15,71866667	2	30	51,8	2,514388889
15	43	7,2	15,71866667	2	30	51,8	2,514388889
15	43	7,2	15,71866667	2	30	51,8	2,514388889
15	24	50,5	15,41402778	0	33	43,54	0,562094444
15	24	50,5	15,41402778	0	33	43,54	0,562094444
15	24	50,5	15,41402778	0	33	43,54	0,562094444
16	11	3,6	16,18433333	1	25	36,1	1,426694444
16	11	3,6	16,18433333	1	25	36,1	1,426694444
16	11	3,6	16,18433333	1	25	36,1	1,426694444
11	30	40,2	11,51116667	4	9	47,5	4,163194444
11	30	40,2	11,51116667	4	9	47,5	4,163194444
11	30	40,2	11,51116667	4	9	47,5	4,163194444
11	54	47,6	11,91322222	4	50	52	4,847777778
11	54	47,6	11,91322222	4	50	52	4,847777778
11	54	47,6	11,91322222	4	50	52	4,847777778
11	54	47,6	11,91322222	4	50	52	4,847777778
11	54	47,6	11,91322222	4	50	52	4,847777778
11	54	47,6	11,91322222	4	50	52	4,847777778
11	54	33	11,90916667	4	50	6	4,835
11	54	33	11,90916667	4	50	6	4,835
11	54	33	11,90916667	4	50	6	4,835
11	54	33	11,90916667	4	50	6	4,835
11	54	33	11,90916667	4	50	6	4,835
11	54	33	11,90916667	4	50	6	4,835
11	54	7,7	11,90213889	4	51	14,83	4,854119444
11	54	7,7	11,90213889	4	51	14,83	4,854119444
11	54	7,7	11,90213889	4	51	14,83	4,854119444
11	54	7,7	11,90213889	4	51	14,83	4,854119444
11	54	7,7	11,90213889	4	51	14,83	4,854119444
11	54	7,7	11,90213889	4	51	14,83	4,854119444
18	2	51,36	18,0476	1	49	32,41	1,825669444
18	2	51,36	18,0476	1	49	32,41	1,825669444
18	2	51,36	18,0476	1	49	32,41	1,825669444
14	40	11,5	14,66986111	4	40	13	4,670277778
14	40	11,5	14,66986111	4	40	13	4,670277778
14	40	11,5	14,66986111	4	40	13	4,670277778
13	16	55,59	13,28210833	4	11	16	4,187777778
13	16	55,59	13,28210833	4	11	16	4,187777778
13	16	55,59	13,28210833	4	11	16	4,187777778
13	16	55,59	13,28210833	4	11	16	4,187777778
13	16	55,59	13,28210833	4	11	16	4,187777778
13	16	55,59	13,28210833	4	11	16	4,187777778
13	17	45,87	13,296075	4	13	31,13	4,225313889
13	16	58,44	13,2829	4	10	24,49	4,173469444
13	16	58,44	13,2829	4	10	24,49	4,173469444
13	16	58,44	13,2829	4	10	24,49	4,173469444
13	16	58,44	13,2829	4	10	24,49	4,173469444
13	16	58,44	13,2829	4	10	24,49	4,173469444
13	16	58,44	13,2829	4	10	24,49	4,173469444
13	17	44,16	13,2956	4	11	52,4	4,197888889
13	17	44,16	13,2956	4	11	52,4	4,197888889
13	17	44,16	13,2956	4	11	52,4	4,197888889
13	17	44,16	13,2956	4	11	52,4	4,197888889
13	17	44,16	13,2956	4	11	52,4	4,197888889
13	17	44,16	13,2956	4	11	52,4	4,197888889
15	15	29,16	15,2581	4	17	32,21	4,292280556
15	15	29,16	15,2581	4	17	32,21	4,292280556
15	15	29,16	15,2581	4	17	32,21	4,292280556
15	15	29,16	15,2581	4	17	32,21	4,292280556
15	15	29,16	15,2581	4	17	32,21	4,292280556
15	15	29,16	15,2581	4	17	32,21	4,292280556
14	27	7,2	14,452	2	21	1,58	2,350438889
14	27	7,2	14,452	2	21	1,58	2,350438889
14	27	7,2	14,452	2	21	1,58	2,350438889
15	19	47,1	15,32975	2	21	11,4	2,353166667
15	19	47,1	15,32975	2	21	11,4	2,353166667
15	19	47,1	15,32975	2	21	11,4	2,353166667
15	53	8	15,88555556	2	4	16,2	2,071166667
15	53	8	15,88555556	2	4	16,2	2,071166667
15	53	8	15,88555556	2	4	16,2	2,071166667
11	53	16,82	11,88800556	2	54	51,4	2,914277778
11	53	16,82	11,88800556	2	54	51,4	2,914277778
11	53	16,82	11,88800556	2	54	51,4	2,914277778
15	43	49,3	15,73036111	0	9	43,4	0,162055556
15	43	49,3	15,73036111	0	9	43,4	0,162055556
11	17	8	11,28555556	3	57	28,4	3,957888889
11	17	8	11,28555556	3	57	28,4	3,957888889
11	17	8	11,28555556	3	57	28,4	3,957888889
12	2	10,61	12,03628056	4	58	52,43	4,981230556
12	2	10,61	12,03628056	4	58	52,43	4,981230556
12	2	10,61	12,03628056	4	58	52,43	4,981230556
15	49	5,6	15,81822222	0	50	28,6	0,841277778
15	49	5,6	15,81822222	0	50	28,6	0,841277778
15	49	5,6	15,81822222	0	50	28,6	0,841277778
15	11	49,97	15,19721389	1	4	12,51	1,070141667
15	11	49,97	15,19721389	1	4	12,51	1,070141667
11	52	43,2	11,87866667	4	47	54,2	4,798388889
11	52	43,2	11,87866667	4	47	54,2	4,798388889
11	52	43,2	11,87866667	4	47	54,2	4,798388889
11	52	43,2	11,87866667	4	47	54,2	4,798388889
11	52	43,2	11,87866667	4	47	54,2	4,798388889
11	52	43,2	11,87866667	4	47	54,2	4,798388889
15	30	47,5	15,51319444	3	34	36,7	3,576861111
15	30	47,5	15,51319444	3	34	36,7	3,576861111
15	30	47,5	15,51319444	3	34	36,7	3,576861111
15	13	53,76	15,2316	0	47	57,2	0,799222222
15	13	53,76	15,2316	0	47	57,2	0,799222222
15	13	53,76	15,2316	0	47	57,2	0,799222222
15	4	44,7	15,07908333	1	27	58	1,466111111
15	4	44,7	15,07908333	1	27	58	1,466111111
15	4	44,7	15,07908333	1	27	58	1,466111111
15	53	37,9	15,89386111	1	17	1	1,283611111
15	53	37,9	15,89386111	1	17	1	1,283611111
15	53	37,9	15,89386111	1	17	1	1,283611111
15	16	17,12	15,27142222	4	16	27,89	4,274413889
15	16	17,12	15,27142222	4	16	27,89	4,274413889
15	16	17,12	15,27142222	4	16	27,89	4,274413889
15	48	32,2	15,80894444	2	20	21,2	2,339222222
15	48	32,2	15,80894444	2	20	21,2	2,339222222
15	48	32,2	15,80894444	2	20	21,2	2,339222222
15	14	47,83	15,24661944	4	14	3,26	4,234238889
15	14	47,83	15,24661944	4	14	3,26	4,234238889
15	14	47,83	15,24661944	4	14	3,26	4,234238889
15	14	47,83	15,24661944	4	14	3,26	4,234238889
15	14	47,83	15,24661944	4	14	3,26	4,234238889
15	14	47,83	15,24661944	4	14	3,26	4,234238889
15	13	6,64	15,21851111	4	18	15,91	4,304419444
15	13	6,64	15,21851111	4	18	15,91	4,304419444
15	13	6,64	15,21851111	4	18	15,91	4,304419444
15	13	6,64	15,21851111	4	18	15,91	4,304419444
15	13	6,64	15,21851111	4	18	15,91	4,304419444
15	13	6,64	15,21851111	4	18	15,91	4,304419444
15	12	14,26	15,20396111	4	18	10,22	4,302838889
15	12	14,26	15,20396111	4	18	10,22	4,302838889
15	12	14,26	15,20396111	4	18	10,22	4,302838889
15	12	14,26	15,20396111	4	18	10,22	4,302838889
15	12	14,26	15,20396111	4	18	10,22	4,302838889
15	12	14,26	15,20396111	4	18	10,22	4,302838889
16	0	33,7	16,00936111	1	35	36,5	1,593472222
16	0	33,7	16,00936111	1	35	36,5	1,593472222
16	0	33,7	16,00936111	1	35	36,5	1,593472222
15	16	46,09	15,27946944	4	16	34,57	4,276269444
15	16	46,09	15,27946944	4	16	34,57	4,276269444
15	16	46,09	15,27946944	4	16	34,57	4,276269444
15	16	46,09	15,27946944	4	16	34,57	4,276269444
15	16	46,09	15,27946944	4	16	34,57	4,276269444
15	16	46,09	15,27946944	4	16	34,57	4,276269444
15	49	48,6	15,83016667	1	1	3,7	1,017694444
15	49	48,6	15,83016667	1	1	3,7	1,017694444
15	49	48,6	15,83016667	1	1	3,7	1,017694444
15	16	58,01	15,28278056	4	14	45,46	4,245961111
15	16	58,01	15,28278056	4	14	45,46	4,245961111
15	16	58,01	15,28278056	4	14	45,46	4,245961111
15	16	58,01	15,28278056	4	14	45,46	4,245961111
15	16	58,01	15,28278056	4	14	45,46	4,245961111
15	16	58,01	15,28278056	4	14	45,46	4,245961111
16	3	0,2	16,05005556	1	36	16	1,604444444
16	3	0,2	16,05005556	1	36	16	1,604444444
16	3	4	16,05111111	1	37	14,17	1,620602778
16	3	4	16,05111111	1	37	14,17	1,620602778
16	3	4	16,05111111	1	37	14,17	1,620602778
15	53	57,8	15,89938889	0	28	38,2	0,477277778
15	53	57,8	15,89938889	0	28	38,2	0,477277778
15	53	57,8	15,89938889	0	28	38,2	0,477277778
15	53	57,8	15,89938889	0	28	38,2	0,477277778
15	53	57,8	15,89938889	0	28	38,2	0,477277778
15	53	57,8	15,89938889	0	28	38,2	0,477277778
15	55	27,42	15,92428333	0	30	48,64	0,513511111
15	55	27,42	15,92428333	0	30	48,64	0,513511111
15	55	27,42	15,92428333	0	30	48,64	0,513511111
15	51	33	15,85916667	0	29	4,4	0,484555556
15	51	33	15,85916667	0	29	4,4	0,484555556
15	51	33	15,85916667	0	29	4,4	0,484555556
15	58	21,83	15,97273056	1	9	26,67	1,157408333
15	58	21,83	15,97273056	1	9	26,67	1,157408333
15	58	21,83	15,97273056	1	9	26,67	1,157408333
15	58	21,83	15,97273056	1	9	26,67	1,157408333
15	58	21,83	15,97273056	1	9	26,67	1,157408333
15	58	21,83	15,97273056	1	9	26,67	1,157408333
11	50	40,06	11,84446111	4	48	9,4	4,802611111
11	50	40,06	11,84446111	4	48	9,4	4,802611111
11	50	40,06	11,84446111	4	48	9,4	4,802611111
11	50	40,06	11,84446111	4	48	9,4	4,802611111
11	50	40,06	11,84446111	4	48	9,4	4,802611111
11	50	40,06	11,84446111	4	48	9,4	4,802611111
15	15	17,57	15,25488056	4	11	30,95	4,191930556
15	15	17,57	15,25488056	4	11	30,95	4,191930556
15	15	17,57	15,25488056	4	11	30,95	4,191930556
15	15	17,57	15,25488056	4	11	30,95	4,191930556
15	15	17,57	15,25488056	4	11	30,95	4,191930556
15	15	17,57	15,25488056	4	11	30,95	4,191930556
11	55	10,2	11,9195	4	49	22,4	4,822888889
11	55	10,2	11,9195	4	49	22,4	4,822888889
11	55	10,2	11,9195	4	49	22,4	4,822888889
11	55	10,2	11,9195	4	49	22,4	4,822888889
11	55	10,2	11,9195	4	49	22,4	4,822888889
11	55	10,2	11,9195	4	49	22,4	4,822888889
15	17	46,18	15,29616111	4	12	21,35	4,205930556
15	17	46,18	15,29616111	4	12	21,35	4,205930556
15	17	46,18	15,29616111	4	12	21,35	4,205930556
15	17	46,18	15,29616111	4	12	21,35	4,205930556
15	17	46,18	15,29616111	4	12	21,35	4,205930556
15	17	46,18	15,29616111	4	12	21,35	4,205930556
12	38	45,1	12,64586111	3	22	52,5	3,38125
12	38	45,1	12,64586111	3	22	52,5	3,38125
12	38	45,1	12,64586111	3	22	52,5	3,38125
12	40	54,6	12,68183333	2	45	29,2	2,758111111
12	40	54,6	12,68183333	2	45	29,2	2,758111111
12	40	54,6	12,68183333	2	45	29,2	2,758111111
15	22	35,7	15,37658333	3	59	27,4	3,990944444
15	22	35,7	15,37658333	3	59	27,4	3,990944444
15	22	35,7	15,37658333	3	59	27,4	3,990944444
11	51	25,34	11,85703889	4	47	28,82	4,791338889
11	51	25,34	11,85703889	4	47	28,82	4,791338889
11	51	25,34	11,85703889	4	47	28,82	4,791338889
11	51	25,34	11,85703889	4	47	28,82	4,791338889
11	51	25,34	11,85703889	4	47	28,82	4,791338889
11	51	25,34	11,85703889	4	47	28,82	4,791338889
15	16	2,24	15,26728889	4	15	27,94	4,257761111
15	16	2,24	15,26728889	4	15	27,94	4,257761111
15	16	2,24	15,26728889	4	15	27,94	4,257761111
15	16	2,24	15,26728889	4	15	27,94	4,257761111
15	16	2,24	15,26728889	4	15	27,94	4,257761111
15	16	2,24	15,26728889	4	15	27,94	4,257761111
11	51	13,39	11,85371944	4	47	57,34	4,799261111
11	51	13,39	11,85371944	4	47	57,34	4,799261111
11	51	13,39	11,85371944	4	47	57,34	4,799261111
11	51	0,83	11,85023056	4	48	18,32	4,805088889
11	51	0,83	11,85023056	4	48	18,32	4,805088889
11	51	0,83	11,85023056	4	48	18,32	4,805088889
11	50	14,39	11,83733056	4	47	34,66	4,792961111
11	50	14,39	11,83733056	4	47	34,66	4,792961111
11	50	14,39	11,83733056	4	47	34,66	4,792961111
16	19	4,2	16,31783333	1	24	43,6	1,412111111
16	19	4,2	16,31783333	1	24	43,6	1,412111111
16	19	4,2	16,31783333	1	24	43,6	1,412111111
11	50	10,9	11,83636111	4	47	44,2	4,795611111
11	50	10,9	11,83636111	4	47	44,2	4,795611111
11	50	10,9	11,83636111	4	47	44,2	4,795611111
11	50	10,9	11,83636111	4	47	44,2	4,795611111
11	50	10,9	11,83636111	4	47	44,2	4,795611111
11	50	10,9	11,83636111	4	47	44,2	4,795611111
11	49	29,4	11,82483333	4	47	14	4,787222222
11	49	29,4	11,82483333	4	47	14	4,787222222
11	49	29,4	11,82483333	4	47	14	4,787222222
15	17	3,26	15,28423889	4	15	57,64	4,266011111
15	17	3,26	15,28423889	4	15	57,64	4,266011111
15	17	3,26	15,28423889	4	15	57,64	4,266011111
15	17	3,26	15,28423889	4	15	57,64	4,266011111
15	17	3,26	15,28423889	4	15	57,64	4,266011111
15	17	3,26	15,28423889	4	15	57,64	4,266011111
15	17	13,41	15,28705833	4	15	30,18	4,258383333
15	17	13,41	15,28705833	4	15	30,18	4,258383333
15	17	13,41	15,28705833	4	15	30,18	4,258383333
15	17	13,41	15,28705833	4	15	30,18	4,258383333
15	17	13,41	15,28705833	4	15	30,18	4,258383333
15	17	13,41	15,28705833	4	15	30,18	4,258383333
11	53	39,7	11,89436111	4	48	35,5	4,809861111
11	53	39,7	11,89436111	4	48	35,5	4,809861111
11	53	39,7	11,89436111	4	48	35,5	4,809861111
15	16	5,36	15,26815556	4	17	1,89	4,283858333
15	16	5,36	15,26815556	4	17	1,89	4,283858333
15	16	5,36	15,26815556	4	17	1,89	4,283858333
15	16	5,36	15,26815556	4	17	1,89	4,283858333
15	16	5,36	15,26815556	4	17	1,89	4,283858333
15	16	5,36	15,26815556	4	17	1,89	4,283858333
15	16	45,5	15,27930556	4	13	35,4	4,2265
15	16	45,5	15,27930556	4	13	35,4	4,2265
15	16	45,5	15,27930556	4	13	35,4	4,2265
11	51	59,6	11,86655556	4	47	9,7	4,786027778
11	51	59,6	11,86655556	4	47	9,7	4,786027778
11	51	59,6	11,86655556	4	47	9,7	4,786027778
11	51	59,6	11,86655556	4	47	9,7	4,786027778
11	51	59,6	11,86655556	4	47	9,7	4,786027778
11	51	59,6	11,86655556	4	47	9,7	4,786027778
11	53	24	11,89	4	48	3	4,800833333
11	53	24	11,89	4	48	3	4,800833333
11	53	24	11,89	4	48	3	4,800833333
11	53	24	11,89	4	48	3	4,800833333
11	53	24	11,89	4	48	3	4,800833333
11	53	24	11,89	4	48	3	4,800833333
14	32	0,14	14,53337222	0	31	43,7	0,528805556
14	32	0,14	14,53337222	0	31	43,7	0,528805556
14	32	0,14	14,53337222	0	31	43,7	0,528805556
11	52	58,8	11,883	4	46	4,69	4,767969444
11	52	58,8	11,883	4	46	4,69	4,767969444
11	52	58,8	11,883	4	46	4,69	4,767969444
11	52	58,8	11,883	4	46	4,69	4,767969444
11	52	58,8	11,883	4	46	4,69	4,767969444
11	52	58,8	11,883	4	46	4,69	4,767969444
11	51	55	11,86527778	4	47	31	4,791944444
11	51	55	11,86527778	4	47	31	4,791944444
11	51	55	11,86527778	4	47	31	4,791944444
11	51	55	11,86527778	4	47	31	4,791944444
11	51	55	11,86527778	4	47	31	4,791944444
11	51	55	11,86527778	4	47	31	4,791944444
15	12	13,9	15,20386111	4	18	32,8	4,309111111
15	12	13,9	15,20386111	4	18	32,8	4,309111111
15	12	13,9	15,20386111	4	18	32,8	4,309111111
15	15	33,2	15,25922222	4	12	22,9	4,206361111
15	15	33,2	15,25922222	4	12	22,9	4,206361111
15	15	33,2	15,25922222	4	12	22,9	4,206361111
15	15	33,2	15,25922222	4	12	22,9	4,206361111
15	15	33,2	15,25922222	4	12	22,9	4,206361111
15	15	33,2	15,25922222	4	12	22,9	4,206361111
14	33	35,64	14,5599	1	39	46,01	1,662780556
14	33	35,64	14,5599	1	39	46,01	1,662780556
14	33	35,64	14,5599	1	39	46,01	1,662780556
11	51	37	11,86027778	4	44	19	4,738611111
11	51	37	11,86027778	4	44	19	4,738611111
11	51	37	11,86027778	4	44	19	4,738611111
11	51	37	11,86027778	4	44	19	4,738611111
11	51	37	11,86027778	4	44	19	4,738611111
11	51	37	11,86027778	4	44	19	4,738611111
13	20	43,1	13,34530556	3	41	15,1	3,687527778
13	20	43,1	13,34530556	3	41	15,1	3,687527778
13	20	43,1	13,34530556	3	41	15,1	3,687527778
11	50	49,1	11,84697222	4	47	56,1	4,798916667
11	50	49,1	11,84697222	4	47	56,1	4,798916667
11	50	49,1	11,84697222	4	47	56,1	4,798916667
11	50	49,1	11,84697222	4	47	56,1	4,798916667
11	50	49,1	11,84697222	4	47	56,1	4,798916667
11	50	49,1	11,84697222	4	47	56,1	4,798916667
11	51	32	11,85888889	4	45	44	4,762222222
11	51	32	11,85888889	4	45	44	4,762222222
11	51	32	11,85888889	4	45	44	4,762222222
11	51	32	11,85888889	4	45	44	4,762222222
11	51	32	11,85888889	4	45	44	4,762222222
11	51	32	11,85888889	4	45	44	4,762222222
15	15	48,24	15,2634	4	9	28,91	4,158030556
15	15	48,24	15,2634	4	9	28,91	4,158030556
15	15	48,24	15,2634	4	9	28,91	4,158030556
15	15	48,24	15,2634	4	9	28,91	4,158030556
15	15	48,24	15,2634	4	9	28,91	4,158030556
15	15	48,24	15,2634	4	9	28,91	4,158030556
14	7	57,36	14,1326	2	3	33,7	2,059361111
14	7	57,36	14,1326	2	3	33,7	2,059361111
14	7	57,36	14,1326	2	3	33,7	2,059361111
14	15	52,9	14,26469444	4	14	37,8	4,243833333
14	15	52,9	14,26469444	4	14	37,8	4,243833333
14	15	52,9	14,26469444	4	14	37,8	4,243833333
11	51	56,2	11,86561111	4	46	22,1	4,772805556
11	51	56,2	11,86561111	4	46	22,1	4,772805556
11	51	56,2	11,86561111	4	46	22,1	4,772805556
15	16	58,8	15,283	1	56	19,1	1,938638889
15	16	58,8	15,283	1	56	19,1	1,938638889
15	16	58,8	15,283	1	56	19,1	1,938638889
11	51	50	11,86388889	4	44	54,4	4,748444444
11	51	50	11,86388889	4	44	54,4	4,748444444
11	51	50	11,86388889	4	44	54,4	4,748444444
11	51	50	11,86388889	4	44	54,4	4,748444444
11	51	50	11,86388889	4	44	54,4	4,748444444
11	51	50	11,86388889	4	44	54,4	4,748444444
11	52	38,6	11,87738889	4	44	21,88	4,739411111
11	52	38,6	11,87738889	4	44	21,88	4,739411111
11	52	38,6	11,87738889	4	44	21,88	4,739411111
11	52	38,6	11,87738889	4	44	21,88	4,739411111
11	52	38,6	11,87738889	4	44	21,88	4,739411111
11	52	38,6	11,87738889	4	44	21,88	4,739411111
11	52	20	11,87222222	4	49	33	4,825833333
11	52	20	11,87222222	4	49	33	4,825833333
11	52	20	11,87222222	4	49	33	4,825833333
11	52	20	11,87222222	4	49	33	4,825833333
11	52	20	11,87222222	4	49	33	4,825833333
11	52	20	11,87222222	4	49	33	4,825833333
12	5	52,33	12,09786944	4	55	23,92	4,923311111
12	5	52,33	12,09786944	4	55	23,92	4,923311111
12	5	52,33	12,09786944	4	55	23,92	4,923311111
15	15	2,9	15,25080556	4	16	49,8	4,2805
15	15	2,9	15,25080556	4	16	49,8	4,2805
15	15	2,9	15,25080556	4	16	49,8	4,2805
15	15	2,9	15,25080556	4	16	49,8	4,2805
15	15	2,9	15,25080556	4	16	49,8	4,2805
15	15	2,9	15,25080556	4	16	49,8	4,2805
11	53	17,9	11,88830556	4	47	26,4	4,790666667
11	53	17,9	11,88830556	4	47	26,4	4,790666667
11	53	17,9	11,88830556	4	47	26,4	4,790666667
11	53	17,9	11,88830556	4	47	26,4	4,790666667
11	53	17,9	11,88830556	4	47	26,4	4,790666667
11	53	17,9	11,88830556	4	47	26,4	4,790666667
16	10	15,75	16,17104167	1	15	10,69	1,252969444
16	10	15,75	16,17104167	1	15	10,69	1,252969444
16	10	15,75	16,17104167	1	15	10,69	1,252969444
12	9	29,79	12,158275	4	32	38,14	4,543927778
12	9	29,79	12,158275	4	32	38,14	4,543927778
12	9	29,79	12,158275	4	32	38,14	4,543927778
16	18	24,8	16,30688889	1	23	21,8	1,389388889
16	18	24,8	16,30688889	1	23	21,8	1,389388889
16	18	24,8	16,30688889	1	23	21,8	1,389388889
13	48	56,52	13,8157	3	12	1,3	3,200361111
13	48	56,52	13,8157	3	12	1,3	3,200361111
13	48	56,52	13,8157	3	12	1,3	3,200361111
15	14	39,2	15,24422222	4	17	8,2	4,285611111
15	14	39,2	15,24422222	4	17	8,2	4,285611111
15	14	39,2	15,24422222	4	17	8,2	4,285611111
15	14	39,2	15,24422222	4	17	8,2	4,285611111
15	14	39,2	15,24422222	4	17	8,2	4,285611111
15	14	39,2	15,24422222	4	17	8,2	4,285611111
13	52	13,35	13,870375	3	46	17,41	3,771502778
13	52	13,35	13,870375	3	46	17,41	3,771502778
13	52	13,35	13,870375	3	46	17,41	3,771502778
11	53	59	11,89972222	4	49	22,8	4,823
11	53	59	11,89972222	4	49	22,8	4,823
11	53	59	11,89972222	4	49	22,8	4,823
11	53	59	11,89972222	4	49	22,8	4,823
11	53	59	11,89972222	4	49	22,8	4,823
11	53	59	11,89972222	4	49	22,8	4,823
14	35	2,76	14,5841	1	10	57,11	1,182530556
14	35	2,76	14,5841	1	10	57,11	1,182530556
14	35	2,76	14,5841	1	10	57,11	1,182530556
11	51	0,58	11,85016111	4	47	33,9	4,79275
11	51	0,58	11,85016111	4	47	33,9	4,79275
11	51	0,58	11,85016111	4	47	33,9	4,79275
11	51	0,58	11,85016111	4	47	33,9	4,79275
11	51	0,58	11,85016111	4	47	33,9	4,79275
11	51	0,58	11,85016111	4	47	33,9	4,79275
15	17	42,86	15,29523889	4	13	37,15	4,226986111
15	17	42,86	15,29523889	4	13	37,15	4,226986111
15	17	42,86	15,29523889	4	13	37,15	4,226986111
15	17	42,86	15,29523889	4	13	37,15	4,226986111
15	17	42,86	15,29523889	4	13	37,15	4,226986111
15	17	42,86	15,29523889	4	13	37,15	4,226986111
13	32	49,56	13,5471	3	5	42,61	3,095169444
13	32	49,56	13,5471	3	5	42,61	3,095169444
12	12	2,3	12,20063889	3	39	15,7	3,654361111
12	12	2,3	12,20063889	3	39	15,7	3,654361111
11	54	31	11,90861111	4	47	43	4,795277778
11	54	31	11,90861111	4	47	43	4,795277778
11	54	31	11,90861111	4	47	43	4,795277778
11	54	31	11,90861111	4	47	43	4,795277778
11	54	31	11,90861111	4	47	43	4,795277778
11	54	31	11,90861111	4	47	43	4,795277778
13	55	27,8	13,92438889	4	10	37	4,176944444
12	54	2,52	12,9007	3	8	28,9	3,141361111
12	54	2,52	12,9007	3	8	28,9	3,141361111
12	28	23,7	12,47325	3	43	37,2	3,727
12	28	23,7	12,47325	3	43	37,2	3,727
12	28	23,7	12,47325	3	43	37,2	3,727
15	1	18,8	15,02188889	2	26	52,8	2,448
15	1	18,8	15,02188889	2	26	52,8	2,448
15	1	18,8	15,02188889	2	26	52,8	2,448
15	18	5,58	15,30155	4	14	45,17	4,245880556
15	18	5,58	15,30155	4	14	45,17	4,245880556
15	18	5,58	15,30155	4	14	45,17	4,245880556
15	18	5,58	15,30155	4	14	45,17	4,245880556
15	18	5,58	15,30155	4	14	45,17	4,245880556
15	18	5,58	15,30155	4	14	45,17	4,245880556
15	14	23,69	15,23991389	4	17	23,78	4,289938889
15	14	23,69	15,23991389	4	17	23,78	4,289938889
15	14	23,69	15,23991389	4	17	23,78	4,289938889
15	14	23,69	15,23991389	4	17	23,78	4,289938889
15	14	23,69	15,23991389	4	17	23,78	4,289938889
15	14	23,69	15,23991389	4	17	23,78	4,289938889
13	49	33,7	13,82602778	2	51	25,8	2,857166667
13	49	33,7	13,82602778	2	51	25,8	2,857166667
13	49	33,7	13,82602778	2	51	25,8	2,857166667
15	15	17,23	15,25478611	4	16	14,38	4,270661111
15	15	17,23	15,25478611	4	16	14,38	4,270661111
15	15	17,23	15,25478611	4	16	14,38	4,270661111
15	16	43,5	15,27875	4	14	13,4	4,237055556
15	16	43,5	15,27875	4	14	13,4	4,237055556
15	16	43,5	15,27875	4	14	13,4	4,237055556
15	16	43,5	15,27875	4	14	13,4	4,237055556
15	16	43,5	15,27875	4	14	13,4	4,237055556
15	16	43,5	15,27875	4	14	13,4	4,237055556
15	15	58,8	15,26633333	0	4	9,09	0,069191667
15	15	58,8	15,26633333	0	4	9,09	0,069191667
15	15	58,8	15,26633333	0	4	9,09	0,069191667
11	51	43,88	11,86218889	4	47	23,39	4,789830556
11	51	43,88	11,86218889	4	47	23,39	4,789830556
11	51	43,88	11,86218889	4	47	23,39	4,789830556
11	51	43,88	11,86218889	4	47	23,39	4,789830556
11	51	43,88	11,86218889	4	47	23,39	4,789830556
11	51	43,88	11,86218889	4	47	23,39	4,789830556
15	16	44	15,27888889	4	13	12,8	4,220222222
15	16	44	15,27888889	4	13	12,8	4,220222222
15	16	44	15,27888889	4	13	12,8	4,220222222
15	16	44	15,27888889	4	13	12,8	4,220222222
15	16	44	15,27888889	4	13	12,8	4,220222222
14	35	6,72	14,5852	4	15	34,81	4,259669444
14	35	6,72	14,5852	4	15	34,81	4,259669444
14	35	6,72	14,5852	4	15	34,81	4,259669444
15	17	0,5	15,28347222	4	11	15,3	4,187583333
15	17	0,5	15,28347222	4	11	15,3	4,187583333
15	17	0,5	15,28347222	4	11	15,3	4,187583333
15	17	0,5	15,28347222	4	11	15,3	4,187583333
15	17	0,5	15,28347222	4	11	15,3	4,187583333
12	10	52	12,18111111	4	39	37	4,660277778
12	10	52	12,18111111	4	39	37	4,660277778
12	10	52	12,18111111	4	39	37	4,660277778
15	30	0,8	15,50022222	1	34	6,4	1,568444444
15	30	0,8	15,50022222	1	34	6,4	1,568444444
15	30	0,8	15,50022222	1	34	6,4	1,568444444
